"Login Date","Seconds This","Seconds Total","BW In","BW Out","Reason"
"2013-03-13 04:28:00 Wed",132,132,89324,14421,"User-Request"
"2013-03-13 04:31:40 Wed",991,1123,28951907,300825,"User-Request"
"2013-03-13 05:01:19 Wed",20,1143,33485,6219,"User-Request"
"2013-03-13 05:07:07 Wed",15,1158,280123,24459,"User-Request"
"2013-03-13 05:13:12 Wed",3,1161,33393,5005,"User-Request"
"2013-03-13 05:13:50 Wed",302,1463,6167505,251925,"Session-Timeout"
"2013-03-13 04:30:31 Wed",3236,4699,101315250,6019343,"User-Request"
"2013-03-13 05:21:34 Wed",303,5002,3175695,184419,"Session-Timeout"
"2013-03-13 05:26:56 Wed",541,5543,10464822,419896,"User-Request"
"2013-03-13 05:36:50 Wed",217,5760,2208901,160141,"User-Request"
"2013-03-13 05:38:00 Wed",202,5962,1573330,167535,"User-Request"
"2013-03-13 05:41:28 Wed",238,6200,2425094,118337,"User-Request"
"2013-03-13 05:41:47 Wed",247,6447,192820,59751,"User-Request"
"2013-03-13 05:46:00 Wed",69,6516,732676,39700,"User-Request"
"2013-03-13 05:48:09 Wed",57,6573,116079,18950,"User-Request"
"2013-03-13 05:49:31 Wed",23,6596,32546,5119,"User-Request"
"2013-03-13 05:50:16 Wed",12,6608,278556,30635,"User-Request"
"2013-03-13 05:50:07 Wed",26,6634,33832,4859,"User-Request"
"2013-03-13 05:58:27 Wed",1393,8027,13935746,407903,"User-Request"
"2013-03-13 06:22:09 Wed",110,8137,1786093,137372,"Session-Timeout"
"2013-03-14 21:40:10 Thu",896,9033,857320,46267,"Idle-Timeout"
"2013-03-15 02:10:26 Fri",387,9420,323120,7324176,"User-Request"
"2013-03-15 02:22:03 Fri",651,10071,1874496,11406608,"Idle-Timeout"
"2013-03-17 21:00:38 Sun",184,10255,12837,343075,"Idle-Timeout"
"2013-03-18 16:13:44 Mon",2,10257,18576,257255,"User-Request"
"2013-03-18 16:14:43 Mon",6,10263,5961,35017,"User-Request"
"2013-03-18 16:15:30 Mon",2,10265,7350,39590,"User-Request"
"2013-03-18 16:17:02 Mon",3117,13382,187120,4226812,"User-Request"
"2013-03-18 17:09:08 Mon",130,13512,13034,67145,"User-Request"
"2013-03-18 17:11:39 Mon",412,13924,18543,162397,"User-Request"
"2013-03-18 17:23:40 Mon",335,14259,4064,35211,"Idle-Timeout"
